0.15
0.15
0.15
0.6036258
0.15
0.15
0.9177787
0.15
0.9669865
0.15
1.268377
0.15
0.15
0.15
0.15
10.92863
0.15
0.15
0.15
0.385239
0.15
0.15
0.15
0.5069927
0.15
0.15
0.15
0.15
5.016541
0.545781
0.5134611
0.15
0.5754183
1.002012
0.7691559
2.068149
0.4091598
0.15
0.4882721
1.017452
0.15
0.15
0.15
0.15
0.15
0.15
0.15
0.15
0.15
0.8303343
1.198181
0.15
0.15
0.15
1.028174
2.813225
2.71617
0.15
0.15
0.15
0.15
0.6352068
0.15
0.15
0.2441767
0.15
0.15
0.15
0.15
0.15
0.15
0.15
2.310865
0.15
0.15
1.418799
0.15
0.15
0.15
0.15
0.8372131
0.15
0.15
0.15
0.15
0.15
2.511944
0.15
0.15
0.3348697
0.15
0.15
0.15
0.363645
0.8110809
2.309038
0.15
0.15
0.15
0.15
0.15
0.15
0.15
0.15
0.15
0.9634646
0.15
0.15
1.322663
0.15
0.15
0.15
0.15
0.15
0.15
0.15
0.15
0.15
0.15
0.15
0.15
0.15
0.15
0.15
0.15
0.15
0.15
0.2903704
0.15
0.15
0.2823543
0.15
0.5215168
0.15
0.15
0.9157005
0.15
0.15
0.15
0.15
0.5259182
0.15
0.15
0.15
0.8029532
0.15
0.15
0.4194938
0.15
0.15
0.4003823
0.8946039
1.714305
0.8169008
0.3446284
1.092775
0.15
0.15
0.15
0.15
0.15
0.15
0.15
0.2819309
0.15
0.15
0.15
0.2528921
0.3494773
0.15
0.15
0.9244059
0.15
0.15
0.15
0.6013342
0.15
0.15
0.8783433
0.15
0.15
0.15
0.4753557
0.3557046
0.15
0.15
0.15
0.15
0.150625
0.15
0.15
0.15
0.6999562
0.15
0.15
0.15
0.15
0.15
0.15
0.15
0.15
0.15
0.15
0.15
1.667959
0.15
0.15
0.15
0.15
0.15
0.15
0.15
0.15
0.15
4.905532
0.15
0.3828566
0.15
0.15
0.4249772
0.15
0.15
0.2130513
0.15
0.3162558
0.15
0.5510409
0.9713979
0.5405996
0.15
1.649113
0.15
0.5823355
0.15
0.15
0.15
0.4067363
0.15
0.15
0.15
0.15
0.15
0.15
1.717745
0.15
0.15
0.4122318
0.15
0.15
0.15
1.090388
0.15
0.5221035
0.15
0.15
0.4867883
0.15
0.5216506
0.3005493
1.459607
0.15
0.4363001
0.15
0.15
0.15
0.15
0.15
0.15
0.15
0.15
0.15
3.939414
0.15
0.341817
0.3658085
0.15
0.15
0.15
0.15
0.15
0.6284497
0.15
3.192759
0.15
0.15
1.098142
0.5117625
0.15
0.15
0.15
1.947314
0.1792188
0.15
0.15
0.15
0.15
0.15
0.15
0.768447
3.279438
0.4429979
0.2569756
0.5139678
0.15
0.7031551
0.15
0.2867603
0.15
0.5348441
0.15
0.8518973
0.6518629
0.15
0.7404992
0.2821816
0.15
0.15
0.4782864
0.15
0.3261658
0.15
0.5146077
0.9167832
0.15
0.417763
0.5923336
0.15
0.15
0.15
0.15
0.15
0.15
0.7502692
0.15
0.8935505
0.15
0.15
0.15
0.2352667
0.3917233
0.15
0.260541
0.15
0.15
0.15
0.15
0.6437003
0.15
0.5119439
0.279107
0.6715856
0.15
0.15
0.15
0.15
0.15
1.053779
0.15
0.3193463
0.2132594
0.15
0.15
0.6724406
0.8641481
0.15
0.15
0.15
0.15
0.6673877
0.15
1.326803
0.8525353
0.5572982
0.5176813
0.15
0.15
0.15
0.506574
0.2412198
0.3017385
0.15
0.15
0.15
0.15
0.15
0.15
0.15
0.15
0.15
0.2415456
0.2263974
0.5241786
0.2032856
0.15
0.5848388
0.15
0.3414278
0.15
0.15
0.15
0.15
0.15
1.462759
0.5959915
0.15
0.5909997
0.344918
2.75433
0.15
0.15
0.15
0.15
0.15
0.15
0.15
1.157115
0.15
2.168171
0.15
0.1969519
0.15
0.1902896
0.4418968
0.15
0.15
0.5720966
0.15
0.3125542
0.4619915
0.3087981
0.15
0.4777217
0.8184584
0.4170751
0.15
0.5247093
0.15
0.15
0.15
1.269375
0.4339891
0.15
0.15
0.15
0.15
0.15
0.15
0.3935577
0.15
0.15
0.15
0.15
0.15
0.15
0.15
0.15
0.15
0.15
0.15
0.15
0.15
0.15
0.15
0.15
0.15
1.389179
0.15
0.15
0.15
0.15
0.15
0.15
0.15
0.15
0.15
0.15
0.15
0.9132845
0.15
0.15
0.15
0.15
0.15
0.15
0.15
0.15
0.15
0.15
0.3161829
0.15
0.15
0.15
0.15
0.15
0.15
0.15
0.15
0.15
0.15
0.15
0.15
0.15
0.15
0.15
0.15
0.15
0.5808592
0.15
0.15
0.15
0.15
0.15
0.15
0.15
0.8107955
0.4692187
0.15
0.6482822
0.15
0.15
0.15
0.15
0.15
0.15
1.003305
0.2283238
0.15
0.15
0.15
0.15
0.15
0.15
0.15
0.15
0.15
0.15
0.15
0.15
0.2740909
0.15
0.15
0.15
0.15
0.15
0.15
1.307358
0.15
0.15
0.15
1.718548
0.15
0.15
0.15
0.15
0.2399038
0.15
0.15
0.15
0.15
0.9621238
1.226075
0.15
0.15
0.15
0.2907764
0.9215956
0.2740497
0.9805287
0.15
0.15
0.15
0.15
0.15
0.15
0.15
0.1959073
0.15
0.15
0.15
1.115867
0.15
0.322464
0.15
0.15
0.6689142
0.15
0.3111129
0.6958397
0.15
0.6437801
0.5698816
0.15
0.3611715
0.15
0.15
0.15
0.15
0.15
0.15
0.15
2.167841
0.2686218
0.15
0.15
0.5325505
0.15
0.3934392
0.4381622
1.450597
0.7798776
0.15
0.6373992
0.15
0.6074889
0.15
0.15
0.2831683
0.1901349
0.1588753
0.2409499
0.15
0.15
0.3755813
0.15
0.2490256
0.15
1.297315
0.3705258
0.3780246
0.15
0.15
0.260651
0.15
0.8144165
0.15
0.15
0.5951089
0.6071125
0.15
0.15
0.15
0.15
0.15
0.4577725
2.247899
0.2074394
0.15
0.5010199
0.15
0.15
0.2007478
0.15
0.15
0.15
0.15
0.15
1.202547
0.2899695
0.4095883
0.6022815
0.15
0.15
0.15
0.826317
0.4337054
4.881023
0.15
1.265501
0.2178573
0.15
0.3417463
0.15
0.15
0.6878517
0.2364362
0.3506262
0.15
0.9625621
0.15
0.15
0.15
0.3877885
0.4765011
0.15
0.4800742
0.15
0.3467411
0.2098623
0.15
0.15
0.15
0.3561951
0.15
0.15
0.2890113
0.15
0.8345026
0.762761
0.15
0.15
0.2189756
0.15
0.15
0.15
0.7273143
0.22429
0.2876458
0.335889
0.15
0.15
0.5756306
0.15
0.15
0.15
1.212328
1.240151
0.15
0.2326693
0.15
0.7452102
0.15
0.15
0.6011243
0.4609183
0.15
0.3450972
0.15
0.15
0.15
0.15
0.5640846
0.15
0.15
0.7495028
0.15
0.15
0.15
5.165509
0.15
1.435469
0.15
0.5740099
0.5218749
0.2596722
0.2012015
0.15
0.60705
0.15
0.3748462
0.4813875
0.6392441
0.15
0.15
0.15
0.15
0.15
1.773297
0.15
0.15
0.15
0.8370677
1.103681
5.173586
0.9728754
0.8101078
1.458273
0.15
0.15
0.15
1.433265
0.15
1.143046
0.15
0.15
0.15
0.15
0.15
0.15
0.3434081
0.2314953
0.15
0.15
0.15
0.15
0.6514374
0.15
0.15
0.15
0.15
1.322669
0.15
0.2265248
0.15
0.2904301
0.5725926
0.3328603
0.15
0.4930012
0.4727285
0.15
0.15
0.15
0.5125422
0.4599207
0.15
0.5227265
0.4417043
0.15
0.15
0.15
0.2877661
0.15
0.15
0.6130013
0.15
0.15
0.15
1.317345
0.15
0.15
0.2886345
0.15
0.58877
0.1926897
0.15
2.862291
0.311789
0.4892692
0.15
0.8933967
0.15
0.15
0.15
0.15
0.15
0.15
0.3158592
0.4487828
0.6734965
0.3434602
1.782669
0.15
0.15
0.15
0.440106
0.15
0.15
0.15
0.15
0.8441079
0.15
0.15
0.1514826
0.3959943
0.15
0.15
0.9707237
1.414616
0.15
0.9006727
0.15
0.4084071
0.15
1.481381
0.2794829
0.15
0.2659894
0.15
0.4418547
0.15
0.15
0.5730319
0.15
0.5090117
0.15
0.5293133
0.15
0.15
0.5682791
0.15
0.15
0.4665025
0.2389694
0.15
0.15
0.2474339
0.15
0.7052263
0.15
0.15
0.15
0.15
0.15
1.047031
0.15
0.7112624
1.819446
0.6359655
0.15
0.15
0.15
0.15
0.15
0.2773408
0.9290763
0.15
0.6348291
0.5906136
0.6892632
0.15
0.15
0.15
0.15
0.4410178
0.15
0.15
0.15
0.15
0.5053602
0.15
0.15
0.15
3.296964
0.15
0.15
0.15
0.15
0.15
0.5948109
0.3295695
1.73929
0.15
0.4344676
0.15
0.2362097
1.017564
0.3129999
1.059132
0.5098123
0.15
0.15
2.316652
0.2392624
0.4171895
0.15
0.333371
0.6144263
0.4707522
0.4250021
0.15
0.15
0.15
0.15
0.15
0.15
0.3280149
0.3126867
0.15
0.5975389
1.524894
0.9259951
0.15
0.15
0.5424053
0.15
0.15
1.032434
0.9320526
0.5443616
0.15
0.15
0.4708156
0.7668832
0.15
2.288188
0.626076
0.15
0.6509454
1.800095
0.5530153
0.15
0.3393602
0.4243988
0.199824
0.15
0.5018591
0.15
0.15
0.15
0.6761448
0.15
0.4413083
0.15
3.564456
0.3990604
0.2524321
0.15
0.15
0.15
0.4610844
0.6830108
0.15
0.15
0.15
0.15
0.15
0.6422902
0.3221089
0.15
0.15
0.15
0.15
0.736623
0.15
0.8625552
0.15
0.15
0.15
0.8490029
0.15
0.2587292
0.15
0.7184854
0.4139124
0.6938579
0.15
3.48331
0.15
0.15
0.5103471
0.308982
3.175239
0.5468721
0.15
0.4066245
1.199473
0.15
0.15
0.3298175
0.3078586
0.15
0.15
0.15
0.4603804
1.105378
0.15
0.15
0.15
0.15
1.709897
0.15
0.15
0.15
0.8498217
0.15
0.281217
0.15
0.15
0.15
0.15
0.2306434
0.457516
1.194789
0.15
0.15
0.15
0.15
0.15
0.15
0.15
0.15
0.15
0.15
0.15
0.4190761
0.5749224
0.15
0.476648
0.15
0.15
2.208451
0.15
0.15
0.15
0.15
0.15
0.15
0.15
0.15
0.15
0.15
0.15
0.2143098
0.15
0.15
0.15
0.15
0.5164007
0.15
0.15
0.4332939
0.15
0.15
1.346765
0.15
0.15
0.15
0.15
0.15
0.15
0.15
1.731201
0.15
0.15
0.1865068
0.15
0.15
0.15
0.15
0.15
0.15
0.15
0.15
0.9492785
0.3433265
0.7021601
0.15
0.6302717
0.2252196
0.15
0.15
0.5463386
0.15
0.15
0.15
0.15
0.15
0.4404123
0.15
0.15
0.6982191
0.2641396
0.15
0.15
0.2815571
0.15
0.15
0.15
0.15
0.15
0.15
1.401223
0.346365
0.15
0.9616169
0.15
1.285722
1.5315
0.15
1.144672
0.3374273
0.15
0.15
0.15
0.7912211
1.317037
1.693204
1.357161
0.2469759
0.15
0.15
0.15
0.15
0.15
0.15
0.15
0.15
0.15
0.15
0.15
0.15
0.15
0.15
0.15
0.15
0.6018314
6.046658
0.15
0.15
0.15
0.8022097
0.8417451
0.4709429
2.038994
0.15
0.15
0.4505806
0.15
0.15
1.685431
1.051822
1.255138
0.15
0.8447625
0.15
0.15
0.15
0.15
0.15
0.15
0.15
4.209927
0.15
0.15
0.15
0.15
0.15
0.15
0.5794968
0.15
0.342686
0.2740873
0.5772321
0.15
0.15
0.15
0.15
0.15
0.15
0.15
0.6094485
0.15
0.2664194
0.15
0.8167306
0.15
0.5145524
0.15
0.15
0.9245863
0.2092381
0.7103436
0.15
0.5371743
0.15
0.15
0.15
1.19977
0.6426771
0.15
0.6502528
0.15
0.15
0.8611331
0.15
0.15
0.15
0.15
0.15
0.5869917
0.3910368
1.105075
0.15
0.15
0.15
0.15
0.2491787
1.420659
0.15
0.15
0.1912836
0.15
0.15
0.15
0.15
0.15
0.15
1.091446
0.15
0.9840533
0.15
0.15
0.318123
0.15
0.9711667
0.7785325
0.6837107
0.1874288
0.15
0.15
0.15
0.7791196
0.15
0.15
0.15
0.15
0.8142953
5.778474
0.15
0.15
0.1508733
0.15
0.15
0.15
0.15
1.106308
0.15
1.642131
0.15
0.15
2.145736
0.15
0.15
0.15
0.15
0.9061702
0.15
0.15
0.15
1.504369
0.15
0.3089169
0.8774864
0.4773648
0.15
0.15
0.377003
0.15
0.15
0.15
0.9018964
0.15
0.15
0.15
0.15
0.15
0.15
0.15
0.15
0.15
0.15
0.15
0.15
0.15
0.15
0.15
0.15
0.15
0.15
0.15
0.15
0.15
1.300687
0.5620483
0.15
0.15
0.15
1.482626
0.15
0.15
0.8676976
0.15
0.15
0.15
0.15
0.15
0.15
0.15
0.15
0.15
0.15
0.15
0.4186397
0.15
1.603759
0.458158
0.15
0.6326582
0.902008
0.15
0.15
0.15
0.615865
0.15
1.292408
3.146223
0.15
0.15
0.15
0.647852
0.9305224
0.15
0.15
0.6847981
0.6594947
0.15
0.3424846
0.15
0.15
0.15
0.15
0.15
0.850441
1.297631
0.15
0.15
0.15
0.6448155
0.15
0.15
0.15
0.8195134
2.418925
0.6833301
0.15
0.15
1.061418
0.15
0.3839793
0.5265284
0.3797338
0.15
0.15
0.15
0.15
0.7583966
0.15
0.15
1.232516
0.15
0.15
0.15
0.3681904
0.15
0.15
0.3167896
0.15
1.894387
0.15
0.6509108
0.15
0.6493868
1.066691
0.15
0.8627228
0.15
0.8080043
0.15
0.15
0.15
0.15
0.15
0.15
2.290302
0.15
0.15
0.15
0.15
0.15
0.15
0.15
0.15
0.15
0.15
1.635106
0.8390285
0.15
0.15
0.3910891
0.15
0.15
0.7738037
0.2220334
1.628203
0.15
0.15
0.5392695
0.15
0.2109474
0.15
0.15
0.15
1.071755
0.15
1.11428
0.2503289
0.2189442
0.5429755
0.15
1.080836
0.3044013
0.15
1.442329
0.4256866
0.15
0.15
1.242831
1.277758
0.8177328
0.15
0.15
0.5355592
0.15
0.15
0.15
0.15
0.5045065
0.2000288
0.15
0.15
0.1906729
0.15
0.15
0.4800928
1.322619
0.15
0.15
0.15
0.4004253
0.15
0.6388734
0.7729935
0.15
0.15
0.47703
0.8757122
0.15
0.15
0.15
0.15
0.15
0.4246115
0.193405
0.1958228
0.7051404
0.15
0.15
0.4671444
1.089462
0.15
0.15
0.15
0.7471445
0.15
0.15
0.15
0.15
0.5722916
1.623017
3.686166
0.7252352
0.15
0.15
0.15
0.15
0.5090149
0.3598401
0.2315695
0.15
0.15
0.15
0.15
0.15
0.6307837
1.215771
0.7385133
0.8499559
0.15
0.15
0.7177496
0.15
0.9981727
0.15
0.5865122
0.15
0.15
0.15
0.15
0.15
0.15
0.7917039
0.2228841
0.15
0.3289766
0.15
1.637898
0.15
0.5127137
0.15
0.15
0.15
0.15
0.7269657
1.131373
0.15
0.3275317
0.7557245
0.4102801
0.15
0.15
0.4000907
0.15
0.15
0.7585013
0.3162764
0.15
0.15
0.15
1.001831
0.15
0.5719207
0.15
0.2304862
0.5821018
0.15
0.15
0.15
0.15
0.5193465
0.2214573
0.15
0.961694
1.485973
0.15
0.15
0.15
0.15
0.15
0.3086459
0.2700455
0.15
0.15
0.15
3.020676
0.15
0.15
0.19676
1.345839
2.125747
0.15
0.15
0.7450728
0.15
0.15
0.15
0.15
1.629628
0.15
1.036838
0.2909141
0.15
0.15
0.540106
0.4828111
0.6064002
0.15
0.15
0.1863609
0.7705024
0.15
0.15
1.592403
0.379748
0.15
0.2786087
0.15
0.15
0.15
0.15
0.3209469
0.15
0.15
0.3200657
0.15
0.15
0.15
0.15
0.15
0.2689976
1.505462
1.035734
0.15
0.15
0.15
0.15
0.15
0.15
0.379911
1.672379
0.2085746
0.15
0.15
0.4098556
0.15
0.15
0.15
0.15
1.436091
0.15
0.15
1.132218
1.452042
0.15
0.15
0.15
1.527075
1.048804
0.5835259
0.15
0.15
0.15
0.15
0.15
0.15
0.4789945
0.15
0.3114584
2.458399
1.390032
0.15
0.15
0.15
0.15
1.924339
0.15
0.15
2.959158
0.15
0.15
1.610005
0.4021208
0.15
0.3776549
0.3807681
1.287623
0.15
0.15
0.15
0.15
0.15
0.15
0.15
0.15
0.15
1.692321
0.15
0.7785175
0.3711236
0.15
0.6182075
0.15
0.15
0.3802523
0.15
2.544051
0.15
0.15
0.3989343
0.7940721
0.15
0.15
0.15
0.15
0.15
0.15
0.15
0.15
0.15
0.3342366
1.046196
0.2976469
0.4269958
1.111132
0.15
0.6899121
0.15
0.15
0.9585132
0.15
0.15
0.5179435
0.9298458
0.15
0.7124221
0.15
0.15
0.15
0.9316056
0.7592745
0.15
0.15
0.3621532
0.6065923
0.6066535
0.15
0.15
0.15
0.15
0.6769039
0.9159319
0.15
0.15
0.9248557
0.15
0.15
0.5083333
0.15
0.15
1.035073
0.15
0.15
1.317942
0.15
0.15
0.826032
0.15
0.837223
0.15
0.15
0.3747791
0.15
0.15
0.15
0.4787668
0.15
0.15
0.15
0.15
0.15
0.15
0.15
0.15
0.15
0.4102047
0.15
1.422554
1.603189
0.3588912
0.15
0.15
0.15
0.15
3.668949
0.15
0.15
0.15
0.15
1.110103
0.5066921
1.330921
0.15
0.15
0.15
0.15
0.15
3.271997
0.15
0.5159393
0.5212356
1.790333
0.15
0.4355576
0.15
0.15
0.7679317
0.6056518
0.15
0.15
0.15
0.15
0.15
0.15
0.15
0.15
0.15
0.15
0.15
0.15
0.15
0.15
0.3380023
0.15
0.15
0.15
0.4622658
0.15
0.15
0.15
1.23991
0.15
0.15
0.15
0.15
1.818905
0.15
0.15
0.15
0.15
0.15
0.15
0.15
0.4764714
0.15
0.7152783
0.15
0.15
0.15
0.15
1.390641
0.15
0.15
0.15
0.15
0.15
0.15
0.5624597
0.15
0.15
1.445415
1.962551
0.4370185
0.15
0.15
0.15
0.15
0.15
0.15
0.8877978
0.15
0.15
0.15
0.15
0.15
0.15
0.15
1.224797
0.15
0.15
0.15
0.15
0.15
0.15
0.15
0.15
0.15
0.15
0.15
0.15
0.15
0.15
0.1846089
0.15
0.15
0.6441343
0.15
0.1966108
2.385471
0.15
0.15
0.15
0.15
0.6460296
0.15
1.197044
0.8246292
0.6507628
1.052348
0.15
0.15
0.6231506
0.1510642
0.1501649
0.6379623
0.5513727
0.15
0.15
0.15
1.408112
0.15
0.3768252
0.15
0.15
2.404111
0.2708223
0.55911
0.5492268
0.15
0.4165636
0.15
0.15
1.533442
0.4019288
1.433734
0.15
0.15
0.15
0.15
0.9381998
0.15
0.15
0.15
0.8263355
0.15
0.15
0.6339263
0.15
0.15
0.3217926
0.15
0.15
0.15
0.15
0.15
0.15
1.673041
0.15
0.8851303
0.15
0.15
0.15
0.15
0.15
0.15
0.15
0.15
0.15
0.15
0.15
0.15
0.15
0.15
0.15
0.15
0.15
0.15
0.15
0.15
0.15
0.15
0.15
0.15
0.15
0.15
0.15
0.15
0.15
0.15
0.15
0.15
0.15
0.15
0.15
0.15
0.6572687
0.15
0.3156272
0.15
0.15
0.15
0.15
0.375995
0.15
1.358811
0.15
0.15
0.15
5.094293
0.15
0.15
0.3447488
0.15
0.8887545
0.6067349
0.7095994
0.15
0.15
0.6601165
0.15
0.15
0.8909858
0.15
0.15
0.15
0.1666532
0.15
0.6962457
0.15
0.15
0.15
0.15
0.15
0.628959
0.1760455
0.15
0.15
1.071533
0.15
0.3382132
0.15
0.15
0.15
0.3947568
0.9309869
0.15
0.15
0.15
0.6367246
0.15
0.15
0.3293701
0.15
0.15
0.2431402
0.15
1.867574
0.15
0.5653002
1.902715
0.15
0.3588351
1.600745
0.2055315
0.15
0.15
0.15
0.15
0.15
0.15
0.8646724
0.3243526
0.15
0.15
0.15
0.1543831
2.053983
1.22703
0.15
0.5348803
0.15
0.15
0.15
0.15
0.15
0.15
2.458844
1.753139
0.15
0.15
0.15
0.15
0.15
2.014824
0.15
0.15
0.15
0.15
0.15
0.9272704
0.15
0.15
2.108144
0.15
0.15
0.3295831
0.15
0.3868081
0.15
0.15
0.422793
0.15
0.15
0.15
0.15
0.15
1.344982
0.15
0.15
0.15
0.3367821
0.15
0.15
0.5737585
1.225738
0.15
0.15
1.768506
0.15
0.15
0.15
0.15
0.15
0.15
0.15
1.293274
0.15
0.7159999
0.15
0.15
0.15
0.15
0.15
0.15
0.4174677
0.15
0.15
0.3209263
0.3168329
0.15
0.15
0.8072306
2.516514
1.008965
0.15
0.15
0.15
0.15
0.15
0.15
0.15
0.15
0.15
0.15
0.15
1.13389
0.15
1.028501
0.15
0.15
0.15
0.3814699
0.15
0.9200328
0.15
0.2110787
0.3772825
0.15
0.15
7.41591
0.15
0.15
1.70357
0.4920822
0.3957151
0.15
0.1788907
0.15
0.7575257
0.3399616
0.15
0.15
0.15
1.816048
1.310957
0.5809302
0.15
0.15
2.574884
0.8710679
0.6342575
0.15
0.15
0.15
0.15
0.15
1.306822
0.15
0.15
0.15
0.15
0.15
0.15
0.15
0.15
0.8692452
0.15
0.15
1.296377
0.2689938
0.15
0.15
0.15
0.2893132
0.15
0.15
0.15
3.688577
0.15
0.15
0.15
1.466189
1.1237
0.15
0.15
0.15
0.655838
0.15
0.15
1.919575
0.15
0.15
0.15
0.15
0.15
0.15
0.15
0.2775
0.15
1.10526
0.15
0.15
0.15
0.15
0.15
0.15
0.15
0.15
0.15
0.15
0.15
0.15
0.15
0.15
1.290799
2.930267
1.190644
1.10599
0.8440725
0.15
6.056008
0.4781753
0.15
0.15
0.4843038
0.6943619
0.15
0.15
0.15
0.15
0.7993963
1.306877
0.6792649
0.6529234
0.2915744
0.15
0.15
0.5793576
0.15
0.15
0.3756671
0.15
0.5070125
0.15
0.15
0.15
2.027422
0.15
0.6528555
0.15
0.15
0.15
0.15
0.15
0.3463695
0.15
1.102117
0.2775
0.2657411
0.15
0.15
0.8391577
0.15
1.385398
0.15
0.15
0.15
1.044985
0.2375762
0.15
0.1935782
0.15
0.15
1.209495
0.15
0.15
1.006711
0.5478867
0.4264492
0.15
0.15
0.15
0.15
0.15
0.15
0.15
0.15
0.15
0.15
1.333534
7.74579
0.15
0.7716095
0.15
0.15
0.15
0.15
0.15
0.15
0.15
0.15
0.6119886
0.9876502
2.004424
0.15
0.15
0.15
0.15
0.6726567
0.15
0.15
0.15
0.2957143
0.15
0.2416989
0.1619558
0.15
0.3169733
0.3582002
0.15
0.15
0.15
0.15
0.15
0.15
1.924364
0.15
1.309264
0.15
0.15
0.15
0.15
1.171489
0.15
0.15
0.15
0.15
0.15
0.15
0.15
0.15
0.15
0.15
0.15
0.15
0.15
0.15
0.15
1.314279
0.15
0.15
0.15
0.15
0.15
0.15
0.15
0.15
0.15
0.15
0.15
0.15
0.15
7.49726
0.15
0.15
0.15
1.654326
0.727449
0.15
0.15
0.15
0.5955399
0.15
0.15
0.15
0.15
0.3014479
3.057371
0.15
0.15
0.15
0.15
1.157871
0.15
0.15
0.15
0.15
0.15
0.15
0.15
0.15
0.8040392
0.15
0.4858214
0.15
0.15
2.325689
0.15
1.692267
0.7702244
2.439424
0.15
1.039384
0.784512
0.15
0.15
0.15
0.15
2.393756
1.96968
0.15
0.15
0.15
0.15
0.15
0.15
0.15
0.15
0.15
0.15
0.15
0.15
0.15
0.15
0.15
0.15
0.15
4.948126
0.15
0.15
0.15
0.15
0.15
0.15
1.321721
0.15
1.263241
0.15
0.15
0.9512624
0.15
0.15
1.021847
0.15
0.2271236
0.15
0.15
0.15
0.15
0.15
0.15
0.15
0.8970679
0.15
0.15
0.15
0.15
4.606282
0.15
0.15
0.15
0.15
0.6378915
0.4133945
0.15
0.15
0.15
0.6186524
3.385485
0.15
0.15
0.7133494
0.5377953
0.15
0.15
0.15
0.15
2.213896
0.15
1.078029
0.15
0.4593917
0.15
0.3254791
0.8175725
1.762011
2.62133
1.039224
0.15
0.5742914
0.15
0.4717383
0.15
0.15
0.15
0.15
0.4503212
0.5332918
0.15
0.3537987
0.15
0.15
0.15
0.15
0.8147343
0.15
0.15
0.15
0.15
0.581336
0.6142548
1.770111
1.077667
0.15
0.15
0.7156041
0.15
9.751018
0.15
0.15
0.15
0.287969
0.15
0.15
0.15
0.15
0.15
0.15
0.15
0.15
0.4025464
0.15
0.15
0.15
0.15
3.330322
0.15
0.2937036
1.054097
0.2868513
0.15
0.15
0.38764
3.262651
0.5392667
2.170289
5.248156
1.123287
0.15
4.0541
1.859389
0.15
2.003492
0.15
1.037223
0.15
0.15
1.530147
0.15
1.424192
0.15
0.7336483
0.2229548
0.15
0.1713772
0.15
0.9739708
0.15
0.15
0.15
0.1513144
0.1557239
0.15
0.15
0.15
0.15
0.15
0.9303604
1.461618
0.639179
0.15
0.6861761
0.15
0.15
0.15
1.595904
0.15
0.15
0.8152535
1.248795
0.15
0.15
0.7437887
0.15
0.15
0.15
0.15
0.15
0.15
1.35542
0.90896
0.15
0.15
0.15
0.15
0.7555372
0.15
0.15
0.15
0.15
0.15
0.15
0.3520584
0.4922561
0.15
0.15
0.698435
0.15
0.15
1.493797
0.15
0.15
0.15
0.15
0.15
0.15
0.15
0.15
0.3970794
0.15
0.15
0.15
0.15
0.15
0.15
0.15
0.15
0.15
3.158112
1.461796
0.15
0.15
0.15
0.3490729
0.15
0.15
0.7444841
0.15
0.15
0.15
0.15
0.15
1.032398
0.15
0.15
1.238033
0.9587067
0.6436018
0.15
0.15
0.5838302
0.15
1.07762
0.15
0.15
0.15
1.965101
2.322874
0.15
0.6332363
0.15
0.15
0.15
1.004238
0.15
0.15
0.15
2.04676
0.15
0.9507459
0.15
0.15
2.410702
0.15
0.15
0.15
0.9693549
0.15
0.15
0.3618405
0.1566972
0.8495777
0.15
0.7674451
0.15
0.15
0.15
0.8203676
0.15
0.15
0.15
0.8830897
0.15
0.8011121
0.15
0.15
1.185668
0.7312546
0.15
0.15
0.2777415
0.7561336
0.15
0.5702009
1.689857
0.15
0.15
0.7349257
0.15
0.15
0.5766693
0.15
0.9115337
1.258521
0.15
0.15
0.6405464
0.15
0.15
0.15
0.4700678
0.15
0.15
0.15
0.15
0.1989589
0.3630571
0.15
0.15
0.15
0.15
0.15
0.15
1.535537
0.15
0.15
0.15
0.15
1.407851
0.15
0.15
2.876382
0.15
0.15
0.15
0.15
0.15
0.15
0.15
0.15
0.15
0.15
0.15
3.159837
0.15
0.15
0.15
0.15
0.15
2.16164
0.15
0.15
1.238559
0.15
0.15
0.15
0.15
0.15
0.15
0.15
0.15
0.15
0.15
0.15
0.15
0.15
0.15
0.15
0.15
0.15
0.15
0.15
1.543862
0.15
0.6616501
0.15
0.15
0.15
0.15
0.15
0.15
1.197132
0.2420044
0.15
0.6957536
0.15
0.3135859
0.15
0.15
0.7184515
0.6252016
0.15
0.15
0.15
0.8513479
1.566723
0.15
0.4747392
0.3529619
0.15
0.4479391
0.15
0.15
0.15
0.9355648
0.15
0.15
0.15
0.15
0.15
0.15
0.15
1.875403
0.15
0.15
0.15
0.15
0.15
0.780103
0.15
0.15
0.15
0.15
0.5501892
0.15
0.15
0.15
1.300804
0.180171
0.15
3.441455
0.15
0.15
0.15
0.15
1.418098
0.15
0.15
0.5868579
0.15
0.7127322
0.15
0.15
0.15
0.9114719
1.180019
0.7054949
0.15
0.15
0.5931324
0.15
0.3374431
0.15
0.7908833
0.15
0.15
0.15
0.15
0.15
0.15
0.15
0.15
0.3174174
1.295581
0.15
0.84724
0.15
0.15
0.7648361
0.15
0.15
0.9362387
0.4815238
0.15
0.8327743
0.15
0.15
2.544333
0.15
1.137699
0.15
0.7688571
2.158003
0.15
0.15
0.15
1.6268
0.7726713
0.15
0.15
1.296816
0.15
1.022151
0.6986248
0.15
0.1865918
2.321073
0.15
2.389208
1.643344
1.36067
0.7890175
1.969452
0.15
0.15
0.8599296
2.906872
0.15
0.1618404
0.15
0.15
0.15
0.15
0.15
0.15
0.15
0.15
0.15
0.15
0.15
0.15
0.15
0.5933536
0.15
0.15
0.15
0.15
0.15
0.9203844
0.15
0.15
1.426152
0.15
0.15
0.15
0.15
0.15
0.15
0.15
0.15
0.4269062
0.15
0.15
0.15
0.15
0.4296243
0.15
0.15
0.15
0.15
0.15
0.15
0.2185678
0.15
0.3121233
0.15
3.513445
0.15
0.15
0.15
0.15
5.053791
0.15
0.15
1.012288
0.15
0.15
0.15
0.15
0.15
0.15
0.9472937
0.15
0.15
0.15
1.154966
0.8000234
0.1510642
1.056046
0.15
0.15
0.2353665
0.15
0.15
0.15
0.15
0.7406569
0.15
0.15
3.396485
0.15
0.15
0.15
0.15
0.15
0.15
0.15
1.734692
0.562537
0.15
0.15
0.15
2.114779
0.15
0.15
0.15
0.15
0.15
1.922999
0.15
0.1955634
0.15
2.258847
0.15
0.15
0.15
0.94876
0.5932623
0.15
0.15
0.9666724
0.15
0.6396239
0.15
0.15
0.15
0.15
0.252913
0.15
0.15
0.15
0.15
0.15
0.15
0.15
0.15
1.300555
0.15
0.15
0.15
0.15
0.15
0.15
0.4064625
0.15
0.9565895
0.15
0.15
0.15
0.15
0.15
0.15
0.8645018
0.15
0.15
0.15
0.15
0.15
0.15
0.15
0.15
0.15
0.15
0.7930849
2.895291
0.3235731
0.15
0.2775
0.15
0.15
0.15
0.15
0.7032663
1.144264
0.15
0.15
0.15
0.1983737
0.15
0.15
0.15
0.15
0.15
0.15
0.15
0.15
0.15
0.15
0.15
0.15
0.15
0.15
0.15
0.15
0.15
0.15
0.15
0.15
0.15
0.15
0.15
0.15
0.15
0.15
0.15
0.15
0.15
0.969911
0.15
0.1737002
2.941531
0.15
0.15
0.15
0.15
0.8636456
0.15
0.2775
0.15
0.15
0.15
0.15
0.15
0.6232372
0.15
1.175344
0.15
0.2121739
0.1953956
0.15
1.024039
0.15
2.21146
0.15
0.15
0.15
0.15
2.174704
0.2002636
0.15
0.15
0.15
0.15
0.216542
0.15
0.15
0.7019279
0.15
1.650212
0.15
0.15
0.15
0.15
0.15
0.15
0.15
1.445568
0.2535966
0.15
0.15
0.15
0.15
0.15
1.478938
0.15
1.198947
0.15
0.15
0.15
0.4287929
0.15
0.15
0.15
0.3443638
0.15
0.15
0.15
0.15
0.15
1.863283
0.15
0.895165
0.6232902
0.15
0.15
0.3776921
0.15
0.15
0.15
0.15
0.15
0.4229074
0.8600346
2.3609
0.15
0.15
0.3493308
0.15
0.15
0.15
0.15
0.15
0.15
0.15
0.15
0.15
4.920379
0.15
0.15
0.15
0.5476806
0.15
0.15
0.15
0.15
0.15
0.15
0.15
0.8570424
0.15
1.290871
0.15
0.15
0.9660624
5.297666
0.15
0.15
0.15
0.15
0.15
0.15
0.15
0.15
0.15
0.15
0.1667041
0.15
0.15
0.15
0.15
0.15
0.15
0.15
1.546272
0.15
0.15
0.15
0.15
0.447217
0.15
0.15
0.15
0.15
0.6527398
0.15
0.15
0.15
0.15
0.15
0.15
0.15
0.15
0.15
0.15
0.15
0.8850203
1.929676
0.15
0.15
0.15
0.15
0.15
0.15
0.15
0.15
0.15
1.133301
0.15
0.15
0.15
2.694284
0.2155732
0.2739404
0.15
0.15
0.15
0.15
0.15
0.15
1.102622
0.15
0.15
0.15
0.15
0.15
0.15
0.15
0.15
0.15
0.15
0.15
0.1996291
0.15
0.15
0.15
0.8061746
0.15
0.6885251
0.15
0.15
0.15
2.222067
0.15
0.15
0.15
3.155946
0.15
0.15
0.3001548
1.086634
0.15
0.15
0.15
0.15
1.0899
1.56078
2.168957
0.6087091
4.206868
0.15
0.8375493
3.733382
1.404098
0.4766366
0.15
0.4045858
0.5025611
0.1962376
0.15
0.15
0.15
0.15
0.15
0.15
0.15
1.286917
0.15
0.15
0.15
0.15
0.15
0.9252778
1.701964
0.15
0.15
0.6538207
0.15
0.15
0.2917435
0.15
0.15
0.902933
0.15
0.15
0.15
0.15
0.15
0.15
0.15
0.15
2.813289
0.15
0.15
0.15
0.15
0.15
0.15
0.15
0.4010964
0.15
0.15
0.15
0.15
0.15
0.15
0.15
0.15
0.15
2.094189
0.15
0.15
0.15
0.4376373
0.15
0.15
0.15
0.15
0.15
0.15
0.15
0.15
1.502931
0.15
0.15
0.15
0.15
0.15
0.15
0.15
3.398324
0.3591941
0.15
0.15
0.9313055
0.15
0.15
0.15
0.15
0.15
0.2257898
0.6585962
0.2343325
0.15
0.15
0.15
0.15
0.504757
0.4279033
0.2989059
1.039866
0.15
0.15
0.15
0.15
3.498629
0.15
0.15
0.15
0.15
0.4123733
3.122868
0.15
0.15
0.15
0.15
0.15
0.15
0.15
0.5293005
0.15
0.15
0.15
1.388409
0.15
0.15
0.15
0.15
0.15
2.11901
1.355344
0.15
0.15
0.15
0.2775
0.1696512
0.15
0.15
0.15
0.15
0.15
0.15
0.15
0.15
0.15
0.15
0.15
0.15
0.15
0.15
1.302665
0.15
0.3881499
0.15
0.15
0.15
0.15
0.6441252
1.990928
0.4643928
0.1510282
0.15
0.15
0.15
0.15
0.15
0.1977078
0.15
0.15
0.15
0.15
0.15
0.6198392
0.15
1.527282
0.15
0.15
2.012948
1.162337
0.15
0.15
0.15
0.15
0.15
0.15
0.15
1.880777
0.15
1.929721
0.4952933
0.15
0.15
0.15
2.435774
0.15
0.15
0.15
0.15
0.15
0.15
0.15
0.15
0.15
0.8857826
0.7092907
0.15
0.15
0.8145603
0.15
0.15
0.15
0.15
0.3260083
0.5007912
0.2332501
0.15
0.15
0.15
0.15
0.15
0.15
0.15
0.15
1.127612
0.5389199
0.15
0.15
0.15
0.15
0.15
0.15
0.15
0.15
0.15
0.7446611
0.15
0.15
0.15
0.15
0.15
0.15
0.15
0.15
0.15
0.22225
0.15
0.15
0.15
0.15
0.15
0.15
0.21375
0.15
0.15
0.15
0.15
0.442107
0.15
0.15
0.15
1.608649
0.15
0.15
1.302308
0.15
0.15
0.15
0.9207672
0.15
0.6382957
0.15
0.15
0.15
0.15
0.15
0.15
0.15
0.15
0.15
0.15
0.2014561
0.15
0.15
0.15
0.15
0.15
0.15
0.15
0.3447252
0.15
0.15
1.61284
0.15
0.15
0.15
1.086932
0.15
0.15
3.152265
0.15
0.15
0.15
0.15
0.15
0.15
0.15
0.15
0.15
0.15
0.15
0.15
0.15
0.6813736
0.6680862
0.15
0.4117864
0.15
0.15
0.15
1.116176
0.15
0.15
0.15
0.15
0.15
0.15
0.15
0.15
0.3671601
0.15
0.8720432
0.15
0.15
0.15
0.15
1.7499
0.15
0.15
0.15
2.136424
0.2963365
0.15
0.15
1.114942
0.15
0.15
0.9419515
0.4739312
0.15
1.06975
0.8743093
0.4098513
0.4526236
0.15
0.5534295
1.435503
1.082099
0.15
0.15
0.3642207
0.15
0.15
0.15
0.15
0.15
0.3724625
0.15
0.15
0.1607427
0.15
0.15
0.15
0.15
1.28905
0.15
0.1566604
0.15
0.15
0.8329472
0.15
0.15
0.15
0.15
0.15
0.15
0.4840074
1.095577
0.15
0.15
0.15
1.290923
0.15
0.3613269
0.15
0.15
0.15
0.15
0.7798572
0.15
0.3166656
0.15
0.15
0.15
0.15
0.15
0.15
0.15
0.15
0.15
0.15
0.2539599
0.15
0.15
0.15
0.8269487
0.15
2.158395
0.15
0.3483642
0.15
0.15
0.15
0.15
0.1685944
0.15
0.15
0.15
0.15
0.7302161
0.15
1.05794
0.266928
0.15
0.15
0.15
1.946243
0.2157302
0.15
0.15
0.15
3.263422
2.852444
0.15
0.15
0.15
0.15
1.153462
0.15
0.15
0.15
0.15
0.1657685
0.15
1.491612
0.2486343
0.2267009
0.15
0.3903458
0.15
0.15
0.15
0.15
0.8126192
0.15
0.2168709
0.5196858
0.15
0.15
0.15
0.8609805
0.15
0.15
0.15
0.15
0.15
0.15
0.3302226
0.15
0.15
0.15
0.9377869
0.15
0.3046603
0.15
0.15
0.4938692
0.15
0.15
0.15
1.201076
0.15
0.15
0.2077711
0.15
0.15
0.15
0.15
0.15
0.15
0.8119534
0.15
1.528202
0.15
0.15
0.15
2.483661
0.15
0.15
0.15
0.15
0.7298946
0.15
0.47102
1.478763
0.2254375
0.15
0.3557014
0.1998786
0.15
3.007657
0.15
0.15
0.15
0.2493066
0.15
0.15
0.15
0.15
0.15
0.15
0.15
0.15
0.15
0.15
0.15
0.15
0.15
0.15
0.15
0.15
0.15
0.15
0.333193
0.15
0.15
0.15
0.15
0.15
0.15
0.15
0.15
0.15
0.2331849
0.15
2.176756
0.2207027
0.7694978
0.2080831
0.15
0.15
0.15
0.15
0.15
0.15
1.357
0.15
0.15
0.6954045
0.15
0.15
0.15
0.15
0.15
0.3528083
0.2725653
0.15
0.15
0.15
0.15
0.15
13.68387
0.15
0.15
1.853898
2.232176
0.15
0.8715954
0.9136513
0.15
0.15
0.2203338
0.15
0.7152407
0.15
0.7053998
0.15
0.15
0.15
1.275378
0.15
0.15
0.2649847
0.15
0.15
0.15
0.15
0.15
0.15
0.6215619
0.15
0.15
0.1797178
0.15
0.15
2.309979
1.182518
0.15
0.15
0.15
0.15
0.15
0.4613567
0.15
0.15
0.15
0.15
0.15
0.15
0.15
0.2780357
0.15
0.3259442
0.15
0.15
0.15
0.15
0.15
0.15
0.15
0.15
0.15
1.132261
2.832557
0.15
0.15
0.15
1.012753
0.15
0.15
0.15
0.15
0.15
0.15
3.256642
0.2651236
0.15
0.15
0.15
0.15
0.15
0.2900572
0.15
0.15
0.15
0.15
0.15
0.15
1.941221
0.15
0.15
0.491915
0.15
0.15
0.15
0.15
0.15
0.15
0.7218655
0.15
0.15
0.15
1.854156
0.15
0.15
0.15
0.15
0.15
0.15
0.15
0.15
0.15
0.15
0.15
0.15
0.15
0.15
0.15
0.15
0.15
0.15
0.15
0.15
0.15
0.15
0.15
1.07506
0.15
0.15
0.15
0.15
0.15
0.2775
0.15
0.15
0.3783562
0.15
0.4913264
0.15
1.570405
0.15
0.15
0.15
1.999474
0.15
0.6214097
0.15
0.3427123
0.15
0.15
0.15
0.15
0.1722143
0.7424363
0.15
6.734617
0.15
0.15
0.15
0.15
0.15
0.15
0.15
1.283498
0.15
1.910055
0.15
0.15
0.15
0.15
0.15
0.15
0.15
0.15
0.15
0.2277918
1.365603
0.15
0.15
0.15
1.079204
0.15
0.6770757
1.280523
0.5018945
0.15
0.15
0.15
0.15
0.15
0.15
0.15
0.15
0.15
0.15
0.3299756
0.15
1.239224
0.7262666
0.3288602
0.15
0.2916667
0.15
0.15
0.15
0.15
0.15
0.15
0.15
0.15
0.15
2.868957
0.15
0.15
0.15
0.15
0.15
0.15
0.2172011
0.15
3.004071
0.15
0.15
0.15
0.15
3.819063
0.15
1.19458
0.15255
0.1978941
1.715038
0.15
0.15
1.161592
0.15
0.15
0.1802277
0.15
0.15
0.15
0.5932598
0.15
0.15
0.15
0.15
0.15
0.15
0.15
0.15
0.15
0.15
0.15
0.15
0.7770707
1.250364
0.15
0.15
0.15
0.15
0.15
0.15
1.152778
0.9738837
1.523778
0.15
0.15
0.15
0.1660268
0.15
0.15
0.15
0.15
0.15
0.15
4.340928
0.1982892
0.15
0.15
0.15
1.21752
0.15
0.15
0.15
0.15
0.15
0.15
0.15
0.7322318
0.15
0.15
0.15
0.15
0.15
0.15
0.15
0.2733571
0.2259086
0.15
0.15
5.750732
0.15
0.15
1.384571
0.15
0.15
0.8370319
0.15
0.15
0.15
0.15
0.15
0.15
0.15
2.019717
0.15
0.357678
0.15
0.15
0.15
0.3452278
0.15
0.15
0.15
0.1899867
0.15
1.727405
0.15
0.15
0.15
1.337683
0.15
0.15
0.15
0.15
0.15
0.15
0.15
1.591931
0.15
0.15
0.15
0.15
0.15
0.15
0.15
0.15
0.15
0.15
1.526502
0.3335662
0.3560287
0.15
0.15
0.1532692
0.15
0.15
0.15
0.15
0.15
0.15
0.15
0.15
0.15
0.15
3.097209
1.288656
2.698645
0.2772339
0.15
0.15
0.15
0.15
0.15
0.15
0.15
0.2223516
0.535978
0.1615909
0.15
0.15
0.15
0.9011039
0.15
0.15
0.15
0.15
0.623068
0.15
1.190366
0.15
0.15
0.15
0.15
0.15
0.15
0.15
1.082099
0.15
0.15
1.031352
0.15
0.15
0.15
0.15
0.15
0.3616279
0.15
0.15
0.15
0.15
0.15
0.15
1.716113
0.15
0.15
0.15
0.15
0.9933692
0.15
0.15
0.15
0.15
0.15
0.15
0.15
0.15
0.15
1.629969
0.15
0.15
0.3123271
0.15
0.5421375
0.15
0.15
0.3212573
0.15
0.15
0.15
0.15
0.15
0.15
0.15
0.15
1.195924
0.1646292
0.4070147
1.288645
0.15
1.554633
0.15
0.15
0.6484448
0.15
0.15
0.15
0.15
0.15
0.15
0.15
0.15
0.15
0.15
0.15
0.9737277
0.15
0.15
0.15
0.15
0.15
0.15
1.105173
0.15
0.15
1.691676
0.15
0.15
0.15
0.15
0.15
0.15
0.15
0.15
0.15
0.15
0.1504961
0.15
0.15
0.15
0.15
0.15
0.5944902
1.135984
0.5817203
1.420949
2.366341
0.15
0.15
1.231946
0.15
3.160852
0.15
0.15
0.1557955
0.15
0.2775
0.15
0.15
0.2279167
0.15
0.15
0.8681144
0.15
0.15
0.1714237
0.8921634
0.425086
0.15
0.15
0.15
0.15
1.776242
0.5731355
0.15
0.15
0.4207397
0.3998608
0.15
0.15
0.15
0.15
0.15
0.15
0.15
0.15
0.15
0.15
0.15
1.170109
0.15
0.15
0.15
1.789931
0.15
0.1705006
0.15
0.15
0.3906631
0.3701081
0.15
0.15
1.499388
0.9016216
0.15
0.15
0.15
0.15
0.15
0.15
0.15
0.15
0.15
0.15
0.15
3.17928
0.15
0.15
0.15
0.6028714
0.4714481
0.15
0.15
0.15
0.15
0.15
0.15
0.15
0.62871
0.15
0.15
0.15
0.15
0.15
0.15
0.3878882
0.2559699
0.15
0.15
0.15
0.4529668
0.15
0.15
0.15
0.15
0.15
0.3281289
1.19816
0.15
0.15
0.15
0.15
0.15
0.15
0.3163566
0.15
0.15
0.15
0.15
0.15
0.8306548
1.112211
0.15
0.3204762
0.15
0.1935529
0.15
0.15
2.150864
1.138418
0.15
0.15
0.15
0.3397502
0.15
0.15
2.641271
0.7585674
0.15
0.15
0.15
3.598975
0.15
0.15
0.15
0.15
0.15
0.15
0.15
0.15
0.15
0.15
0.4041272
0.3826296
0.15
0.15
0.15
0.15
0.15
0.175042
0.15
0.15
3.173434
0.15
1.142543
0.15
0.15
0.15
0.15
0.15
0.15
0.15
0.15
0.15
0.15
0.15
0.15
0.15
0.15
0.15
0.15
0.9436946
0.15
0.15
2.237955
0.15
0.15
3.983942
0.9708951
0.15
0.8300075
0.15
1.257288
0.15
1.283847
0.15
0.15
0.15
0.15
0.15
0.15
0.15
0.15
0.5861205
0.15
0.15
0.15
0.15
0.15
0.15
4.808196
0.15
0.15
0.15
0.15
0.15
0.15
0.15
0.15
0.15
0.15
0.15
0.15
0.7092568
0.15
0.15
0.15
0.15
0.15
0.15
0.15
0.15
0.15
0.15
0.15
0.15
0.15
0.15
0.15
0.6687433
0.15
0.15
0.15
0.15
0.15
0.15
0.15
0.15
0.15
0.15
0.15
0.4136186
1.067366
0.7182311
0.2461017
1.155757
1.405542
0.15
0.1873236
0.15
0.15
0.4866284
0.15
0.15
0.15
0.15
1.456143
1.870142
0.15
0.15
1.511895
2.808236
0.7005956
2.035961
0.15
0.15
0.15
0.15
0.15
0.15
0.15
0.15
0.15
1.226518
0.1776534
0.15
1.243255
0.15
0.15
0.5204617
0.2047894
0.15
0.15
0.15
0.15
0.9313756
0.15
0.1972108
0.15
1.217886
0.15
0.15
1.988412
3.861217
0.15
0.15
0.3938633
0.15
0.15
0.15
0.15
0.15
0.15
0.15
0.15
0.15
0.15
0.15
0.15
0.15
0.15
1.298338
0.15
0.15
0.15
0.15
0.15
0.15
0.15
0.15
0.15
0.15
0.15
0.15
0.15
0.15
0.15
0.15
0.15
0.15
0.15
0.2118261
0.15
0.15
0.15
0.15
0.15
0.15
0.15
0.15
5.564443
0.3490636
0.15
0.15
0.3106862
0.1541577
0.15
0.15
0.15
1.360144
0.15
0.6775397
0.1742689
0.15
0.15
0.15
0.15
0.15
0.15
0.15
0.15
0.1504636
0.15
0.15
0.5550403
0.15
0.15
0.15
0.15
0.15
0.15
0.15
0.15
0.15
0.15
0.15
0.15
0.15
0.15
0.15
0.15
0.15
0.15
0.15
0.15
0.15
0.15
0.15
0.15
0.15
0.15
0.15
0.15
0.15
0.8252906
0.15
0.15
0.15
0.15
0.2885116
0.15
0.15
0.15
0.5821865
0.15
2.057435
0.15
0.2000436
0.15
0.6863237
0.15
0.1775615
0.15
0.15
0.15
0.15
0.15
0.15
0.8892024
0.195047
0.15
0.15
0.15
0.15
0.15
0.15
0.15
0.8861962
0.15
1.126127
0.15
0.2892343
0.15
0.15
0.15
0.15
0.15
0.15
0.15
0.15
0.15
0.15
0.9527437
0.15
0.15
1.031995
2.790347
0.15
2.803434
0.15
0.15
1.118643
0.5825857
0.15
0.15
0.15
0.2065508
0.3421296
0.3635492
0.9955834
0.15
0.15
0.15
0.15
1.464881
0.15
0.15
2.393636
0.15
0.15
0.15
0.15
0.15
0.15
0.15
0.15
0.15
0.7214925
0.15
0.15
0.15
0.15
0.15
0.15
0.15
2.045761
0.15
3.290061
0.15
0.15
0.15
0.8079978
0.15
1.545236
0.15
0.15
0.15
0.15
0.3774723
0.15
0.15
0.15
1.53279
0.15
0.15
0.15
0.15
0.15
0.2990742
0.2656875
0.2589712
0.15
0.15
0.15
0.15
0.15
0.15
0.15
0.15
0.15
2.038311
0.15
0.15
0.5495487
0.15
0.15
1.324768
0.15
0.15
0.778304
0.15
0.15
0.15
0.15
0.15
0.15
0.15
1.390112
1.148018
0.15
0.1892398
0.15
0.15
0.15
3.857711
0.15
0.15
0.15
1.154854
0.15
0.15
0.15
0.15
0.15
0.15
0.15
0.15
1.247091
0.15
0.15
0.15
1.392674
0.15
0.15
0.15
1.364555
0.15
0.15
1.018248
0.15
0.15
1.185182
0.15
0.15
0.15
0.15
0.15
0.15
0.15
0.15
0.2918688
0.15
0.15
0.15
0.15
0.2437381
1.03621
0.15
3.458609
0.15
0.15
0.15
0.15
0.15
0.15
1.648169
0.15
0.338833
0.2161226
0.15
0.15
0.15
0.15
0.15
0.15
0.8529008
0.3882518
0.15
0.15
1.500192
0.1620955
0.2711318
0.15
1.07249
0.15
0.15
0.15
0.15
0.15
0.15
0.7465592
0.15
0.15
0.15
0.15
0.15
0.15
1.848263
0.15
0.15
0.15
0.15
0.15
0.15
0.15
0.15
0.15
0.15
0.15
0.15
0.15
0.7538438
0.1570833
1.983845
2.719284
0.15
0.15
0.9191831
0.15
0.15
0.15
0.15
0.15
1.067486
1.24017
0.15
0.15
0.15
0.15
0.15
0.15
0.15
0.15
0.15
1.175111
2.331525
0.15
0.15
0.15
1.564601
0.15
0.15
0.15
0.3062796
0.15
3.802141
0.15
0.15
0.15
0.15
0.950749
0.15
0.15
0.15
0.15
0.15
0.15
1.280711
0.15
0.15
0.15
2.413427
0.15
0.15
0.15
0.15
1.073259
0.15
4.043136
0.15
0.15
0.15
0.15
0.15
0.8061424
0.1945698
0.15
0.15
0.15
0.15
0.6962715
0.6446234
0.15
0.15
0.15
0.15
0.15
0.15
0.4367439
6.385323
0.4115883
0.15
0.15
0.15
0.15
0.2304571
0.15
1.487178
1.137661
0.15
0.15
0.15
0.1765127
0.15
0.15
0.15
0.2410946
0.15
1.051661
0.4430374
0.15
0.15
0.15
0.15
0.15
0.15
0.15
0.15
0.15
0.15
1.11543
0.15
0.15
2.590725
1.304688
0.15
0.15
0.15
0.15
0.15
0.9030688
0.2154464
0.15
0.2901974
0.15
0.15
1.5507
0.15
0.1761192
0.15
1.460396
0.1965573
0.15
0.333095
0.2221607
0.1723419
0.3151538
0.2660273
0.15
0.15
0.15
0.15
0.15
0.15
0.15
0.15
1.972777
0.15
0.5079179
0.15
0.15
0.3253273
0.8056252
0.15
0.15
0.15
0.15
0.15
0.15
0.15
1.487213
0.15
0.15
0.15
0.15
0.15
1.048399
0.15
0.15
0.15
0.15
0.15
0.15
0.15
0.15
0.2377015
0.1919585
0.15
0.15
0.3182527
0.15
0.15
0.15
0.15
0.15
0.15
0.15
0.1718904
0.2269459
0.2092201
0.15
0.15
0.15
0.1898057
0.15
0.15
0.15
0.15
0.15
0.15
1.192317
0.15
0.15
1.373783
0.15
0.15
0.15
0.15
0.15
0.8881595
0.15
0.15
0.7153477
0.1703448
0.15
0.15
0.15
0.7600991
0.4531891
0.15
0.15
0.15
0.15
0.15
0.15
0.15
0.15
0.15
0.15
4.049973
0.15
0.2827292
0.15
0.15
0.15
0.15
0.15
5.697264
0.15
0.2775
0.7995495
0.15
0.400832
0.15
0.15
0.15
0.7728186
0.15
4.209808
0.15
0.15
0.2063839
0.15
0.15
0.15
0.9350071
0.15
1.254112
0.15
0.1938458
0.15
0.15
0.7212026
0.15
0.7510501
0.15
0.15
0.1705016
0.15
0.15
2.167112
0.15
0.15
0.15
1.34114
0.15
0.15
1.532006
0.15
0.9562781
0.15
0.15
0.864294
0.15
3.116819
0.15
0.15
0.15
1.025884
0.15
0.7650627
1.084298
0.2142203
0.15
0.1657921
0.1938261
0.1575352
0.15
0.15
0.15
0.15
0.15
0.15
0.15
1.869201
0.15
0.1987819
1.700505
0.15
4.582005
0.15
0.15
0.5857308
0.15
0.15
0.15
0.15
0.15
0.15
0.15
0.15
0.15
0.15
0.15
0.9393148
0.5010479
0.15
0.15
0.1562726
0.15
0.15
0.8420549
0.15
0.15
0.814059
0.15
0.7163376
0.15
0.2766975
0.214105
0.15
0.15
0.15
0.15
0.15
0.15
0.15
0.15
0.15
2.57447
0.15
0.15
0.8958855
0.15
1.440349
0.15
0.15
0.15
0.1685097
0.15
0.15
0.15
0.15
0.15
0.3913476
0.15
0.15
0.15
3.115621
0.15
1.607429
0.15
0.15
0.15
0.15
0.15
0.15
0.15
0.15
0.15
0.15
0.15
0.15
0.15
0.4376609
0.15
0.15
0.15
2.54473
0.2382739
0.15
0.15
0.15
0.7468295
0.2019088
0.1817578
0.15
0.15
0.15
0.15
0.15
0.15
0.15
0.15
0.15
0.15
0.15
0.6910058
0.15
0.7095875
0.15
0.15
0.15
0.334492
0.15
0.15
0.15
0.5768569
0.15
0.15
0.15
1.939748
0.15
0.15
0.15
0.15
0.15
0.15
0.15
0.15
2.426452
0.15
0.15
0.15
0.15
0.15
0.15
0.15
0.15
0.4978893
0.15
0.15
0.15
0.15
0.15
0.4037162
0.15
0.15
0.5778144
1.222612
0.15
0.5213481
0.15
0.15
0.15
0.2501509
0.1858484
0.15
0.15
0.15
0.261456
0.15
0.5663469
0.6416749
0.3536093
0.5501328
0.15
0.15
0.2937608
0.15
0.15
0.15
0.15
0.15
0.15
0.5996912
0.6983468
0.15
0.15
0.15
0.3289942
0.15
0.15
0.15
0.15
0.15
0.15
0.15
0.2217705
0.2219802
0.1695262
0.15
0.15
0.15
0.15
0.15
1.570656
0.15
0.1747676
0.15
0.15
0.15
0.15
0.15
0.2775
1.306033
0.15
0.15
1.424561
1.127574
0.15
0.15
0.15
0.15
0.15
0.15
0.15
0.15
1.792119
0.4636693
0.15
0.15
2.036096
0.15
0.15
0.15
0.15
0.15
0.15
0.15
0.3825794
0.197812
0.15
0.15
0.2932944
0.15
0.15
0.15
0.2447334
2.086608
0.15
0.15
0.15
0.15
0.15
0.15
0.7207948
0.15
0.15
0.15
0.15
0.156375
0.15
0.15
0.15
0.15
0.15
0.7823844
0.15
0.15
0.15
0.15
0.6962434
1.17151
1.111756
0.1991364
0.15
0.15
1.312195
0.15
0.6744529
0.15
0.15
0.15
0.15
0.15
0.15
0.15
0.6619351
0.1747957
0.15
0.4192556
0.3456774
0.15
0.15
1.753492
0.15
0.15
0.15
0.15
0.15
0.15
0.2775
0.15
0.15
0.15
0.15
0.4451272
1.848098
0.15
1.114449
0.674787
0.15
0.2049071
0.15
0.9869257
0.15
0.1871039
0.15
0.3848905
0.15
0.15
0.15
0.15
0.15
0.7427105
0.15
0.1672186
0.5853715
0.15
0.15
0.15
0.15
0.846315
1.195765
2.307207
0.3748814
0.6554284
0.15
1.185979
0.15
1.728871
1.041331
0.15
0.2708406
0.15
0.9864129
1.076206
0.15
1.908624
0.15
0.15
1.280917
1.800159
1.44801
0.15
0.15
1.533999
0.15
0.8741828
0.15
0.15
0.7827723
1.169326
1.569131
0.3393408
0.15
0.1842004
0.15
0.15
0.4910531
0.15
0.4445735
0.2762987
2.300337
0.15
0.15
0.15
0.15
0.803895
0.15
0.15
0.15
0.9234725
0.15
0.7336019
0.15
0.15
0.15
0.15
0.15
0.15
0.15
0.15
0.15
0.2835877
0.15
0.15
0.7522039
0.15
0.15
0.15
0.15
0.15
0.15
0.15
1.743844
1.499785
0.15
0.15
0.15
0.15
0.15
0.15
0.15
0.2024005
0.15
0.1793969
0.15
0.15
0.15
1.512305
0.334474
0.15
0.15
0.15
1.404533
0.15
0.15
0.15
0.15
0.15
1.233832
0.15
0.15
0.15
0.15
1.546207
0.15
0.15
0.15
0.15
0.15
0.15
0.15
0.15
0.15
0.15
0.15
0.15
0.15
0.15
0.15
0.15
0.15
0.15
0.15
0.6423001
0.15
0.15
1.494933
0.2451106
0.15
0.7851918
0.15
0.15
0.264441
0.5172117
0.4968791
0.15
0.15
0.9524707
0.15
0.15
0.15
0.15
0.15
0.15
0.15
0.15
0.15
0.15
1.321114
0.15
0.15
0.803458
0.15
0.15
0.15
0.15
0.1808999
0.1861695
0.15
0.15
0.15
0.15
0.15
0.15
2.375233
0.15
0.15
0.15
0.15
0.15
0.9612197
0.15
0.2775
0.3963333
0.634155
0.15
0.15
0.15
0.2485917
0.15
0.15
0.4613391
0.15
0.15
0.15
0.15
0.15
0.15
0.15
0.15
0.15
0.15
0.3542297
0.15
0.15
0.8136835
0.15
0.15
0.15
0.7509722
0.15
1.136138
0.9917347
0.15
0.15
2.534549
0.15
2.873688
0.15
0.15
0.3041797
0.1810431
0.15
0.15
0.15
0.15
0.15
0.15
0.15
0.15
0.15
0.15
0.3382435
0.15
0.6497243
0.15
0.2775
0.15
0.2488131
0.15
0.7463214
0.15
0.15
0.9960764
0.15
0.15
0.15
0.15
0.15
0.15
0.15
0.15
0.2239255
0.15
0.87218
2.46725
0.15
0.15
0.2329154
0.15
0.15
0.15
0.15
0.15
0.15
0.1742085
0.1665937
0.15
0.15
0.15
0.6580504
0.15
0.15
0.15
0.15
0.15
0.15
0.15
0.15
0.15
0.15
0.15
0.15
0.15
0.15
0.15
0.15
0.15
0.15
0.417829
0.15
0.3477775
0.15
0.15
0.2442993
0.15
0.15
0.15
0.15
0.4180288
0.15
0.2775
0.15
0.15
0.15
0.9053062
0.15
0.214389
0.7445473
0.9720463
0.15
0.15
0.2775
0.15
0.15
0.15
0.2262054
0.2045341
0.161883
0.15
0.1894645
0.1893416
0.2302218
0.15
0.15
0.15
0.15
0.15
0.15
0.15
0.15
0.15
0.15
0.15
2.194358
1.987473
0.15
0.15
0.15
0.15
0.15
0.1818016
0.15
0.15
0.15
0.15
0.15
0.15
0.15
0.15
0.15
0.15
0.15
0.15
0.15
0.15
0.15
0.15
0.15
2.144544
0.1688767
0.15
0.9049513
0.15
0.15
0.15
0.15
2.080357
0.15
0.15
0.15
0.15
0.6474211
0.2180752
0.15
0.2673576
0.15
0.4152051
0.15
0.15
0.15
0.4685878
0.15
0.15
0.15
1.070413
0.15
0.15
0.15
0.15
0.15
0.15
0.15
0.15
0.15
0.15
0.15
0.15
0.15
0.15
0.15
0.15
0.15
0.15
0.15
0.15
0.15
0.15
0.15
0.3357235
0.15
0.15
0.15
0.15
0.15
0.15
0.15
0.15
0.15
0.15
0.15
0.15
0.15
0.15
0.15
0.15
0.15
0.15
0.15
1.324754
0.15
0.15
0.9377306
0.15
0.15
0.15
0.1625307
0.2275765
0.9592168
0.15
1.807316
0.15
0.15
0.15
0.15
0.15
0.1884119
0.15
0.15
0.15
0.15
0.15
0.4537675
0.15
0.9906605
0.15
0.15
0.9826743
0.15
0.15
0.15
0.15
0.6478887
0.15
0.15
0.15
0.9116245
0.15
0.1892272
0.15
0.2775
0.15
0.2970341
1.026824
0.15
0.15
0.15
0.15
0.2775
0.15
0.2315412
0.8046963
0.15
0.718727
0.15
0.15
0.15
0.15
0.15
0.2045579
0.1556309
0.426954
0.15
0.15
0.15
0.15
0.15
0.15
0.15
0.15
0.15
0.15
0.15
0.15
0.15
0.15
0.15
1.481777
0.15
0.15
2.58185
0.15
0.15
0.3881504
0.15
0.15
0.9825911
1.087171
0.2199376
0.15
0.15
0.15
0.2436951
0.15
0.15
0.15
0.15
0.15
0.15
0.15
0.15
0.6386678
0.1924729
0.15
1.113572
0.15
0.15
0.15
2.870811
1.058355
0.15
2.019243
0.15
0.15
0.15
2.651164
0.15
0.15
1.209975
0.15
0.15
0.2323873
0.15
0.15
0.15
0.1639991
0.15
0.15
1.488295
0.15
0.15
0.15
0.15
0.15
0.15
0.15
0.15
0.15
0.15
0.15
0.15
0.2986119
0.15
0.15
0.15
0.15
0.15
0.15
0.15
0.15
0.15
0.15
0.15
0.15
0.15
0.15
0.15
0.1679827
0.15
0.15
0.15
0.15
0.15
0.15
0.15
0.15
0.15
0.15
0.15
1.302809
0.15
0.15
0.15
0.15
0.15
0.15
0.15
0.15
0.15
0.15
0.15
1.5341
0.15
0.15
0.15
0.15
0.15
0.15
0.6783515
0.15
0.4537559
0.15
0.15
0.15
0.15
2.276893
0.15
0.15
1.496051
0.15
0.15
0.15
0.3402987
1.366216
0.15
1.047509
0.15
0.15
0.3898416
0.15
0.15
0.15
0.15
1.041099
0.15
0.15
0.2963718
0.15
0.8957054
0.15
0.15
0.15
0.9434131
1.210272
0.15
0.15
0.15
0.15
0.365847
0.15
0.15
0.15
0.15
0.15
0.15
0.15
0.15
0.15
0.15
2.026849
0.15
0.15
0.15
0.3370931
0.15
0.1977286
0.15
0.15
0.15
0.15
0.15
0.15
0.15
0.4156995
0.15
0.4242008
0.1564692
0.15
0.15
0.15
0.15
0.15
1.447013
0.15
0.15
0.15
0.15
0.15
0.15
0.15
0.15
0.15
0.3181915
0.15
0.15
0.15
0.15
1.900902
0.15
1.070092
0.15
0.15
0.5577147
0.15
0.8093642
0.15
0.7555872
0.15
0.15
0.15
0.15
0.15
0.3988843
0.15
0.15
0.15
0.15
0.15
0.15
0.15
0.15
0.15
0.15
0.15
1.845132
0.15
0.15
0.15
0.15
0.6173862
0.2459915
0.282482
0.15
0.370083
0.15
0.15
0.15
0.15
0.15
0.15
0.15
0.15
0.15
0.15
0.2317534
0.15
0.15
0.15
0.15
0.15
0.15
0.15
0.15
0.4388459
0.3701924
0.8936252
2.614696
0.15
0.15
0.15
0.15
2.754364
0.15
0.15
0.15
0.15
0.15
1.078678
0.3637543
0.228112
0.15
0.4505521
0.4178713
0.15
0.15
0.15
0.15
0.9461949
0.15
0.15
0.15
0.15
0.15
0.15
0.15
0.15
0.15
0.15
0.15
0.15
0.3435565
0.1968257
0.15
0.1772139
0.15
0.5119859
0.5505858
0.8090008
0.15
0.15
0.9149891
1.482448
0.15
0.15
0.15
0.15
0.15
0.4312069
0.15
0.15
0.15
0.15
0.1521698
0.15
0.8930533
0.15
0.15
0.15
0.15
1.831997
0.15
0.15
0.2829695
0.15
0.1755
0.934238
0.15
0.15
0.15
0.5978953
0.15
0.15
0.15
0.4155064
0.15
10.64323
0.15
0.15
0.15
0.15
0.15
0.15
0.3134071
0.15
0.15
0.15
0.15
0.15
0.15
0.15
0.15
0.15
0.15
0.15
0.15
0.15
0.15
0.15
0.15
0.15
0.15
0.15
0.3671456
0.15
0.3542432
0.15
2.151442
0.15
0.15
0.2236617
0.15
0.2600052
0.15
0.15
0.15
0.15
0.15
0.15
0.15
0.15
0.15
0.1615432
0.1534062
0.5614643
0.15
0.15
0.3825604
0.3428107
0.15
0.15
0.15
0.15
0.6866252
0.15
0.15
0.15
0.15
0.15
0.15
0.15
0.8625946
0.4356755
0.15
0.15
0.15
0.15
0.15
0.15
0.4132595
0.15
0.6690508
0.15
0.15
0.6020837
0.15
1.204599
1.398609
0.15
0.15
0.15
0.15
0.9559104
0.1797571
0.15
0.267834
0.2050083
0.6185874
0.15
0.15
0.15
0.15
0.15
0.15
0.15
0.15
0.15
0.15
0.9750471
0.8252573
0.15
1.604718
0.15
0.15
0.15
0.15
0.15
0.15
0.15
0.15
0.15
0.15
0.15
0.15
0.15
0.15
0.15
0.4966982
0.1676979
0.21375
0.15
0.3783751
0.15
0.15
0.3577357
0.15
0.15
0.9761184
0.15
0.15
0.15
0.1954829
1.566946
0.15
0.2632735
0.15
4.796686
0.15
0.15
0.2181556
0.2010539
0.15
1.823214
0.15
0.15
0.620238
2.916363
0.15
0.15
0.15
0.3932311
1.063923
1.537947
0.21375
0.15
0.15
0.15
0.15
0.15
0.15
0.15
0.15
0.15
0.15
0.15
0.4417828
0.15
0.3274234
0.1930415
0.15
0.15
0.4730706
0.15
0.15
0.15
0.2751836
0.15
0.15
0.15
0.15
0.15
0.15
0.15
0.15
0.15
0.15
0.15
0.15
0.1796577
0.15
0.15
0.15
0.15
0.15
5.250306
2.273349
0.15
0.15
0.15
0.15
0.15
0.15
0.5930158
0.15
0.15
0.15
0.15
0.15
0.15
0.15
0.15
0.15
0.7453865
0.15
0.15
0.15
0.15
1.120533
0.1516346
0.15
0.1611525
0.15
0.7803019
0.15
0.15
0.15
0.15
0.15
0.15
0.15
0.15
1.174156
0.15
0.1755
0.15
0.44928
0.15
1.178941
0.15
0.15
0.15
0.15
0.15
0.15
0.15
0.15
0.15
0.15
0.15
0.15
0.15
0.15
0.2713074
0.15
0.2806923
0.15
0.15
0.15
0.15
0.770486
0.15
0.15
0.15
0.5692174
0.15
0.15
0.2805357
0.15
0.15
1.600236
0.15
0.15
0.15
0.15
0.15
1.808978
3.743241
0.15
0.15
0.252924
0.8900521
0.15
0.2236952
0.15
0.15
0.2429618
0.5289538
0.15
0.15
0.15
0.15
0.15
1.383183
0.15
0.15
0.2445471
1.080485
0.15
0.15
0.15
0.2518253
0.15
0.15
0.15
0.2918966
0.15
0.15
0.3479127
5.365672
0.15
0.5896096
0.15
0.2420427
0.1662001
0.15
0.5568808
0.15
1.188699
0.15
0.15
0.15
0.15
0.15
0.15
0.15
0.15
0.15
0.1707972
0.15
0.2026446
0.15
0.15
0.15
0.15
0.15
0.15
0.15
0.15
0.9618763
0.15
0.15
2.077691
1.674911
0.15
0.4381439
0.2555447
0.15
0.15
0.15
0.1612623
0.15
0.15
0.15
0.15
0.15
0.6988681
0.7164047
0.15
0.15
0.2998191
0.15
0.15
0.15
0.15
0.15
0.15
0.15
1.163825
0.15
0.15
0.15
0.15
0.15
0.15
1.33438
0.15
0.15
0.15
0.15
0.15
0.15
0.15
0.15
2.809509
0.15
0.4579908
0.15
0.15
0.15
0.15
0.15
0.15
0.15
0.15
0.15
0.405
0.1501742
0.15
0.15
0.15
0.15
0.15
0.5829496
0.15
0.2870414
0.15
0.15
0.15
0.15
0.9013281
0.15
0.15
1.241123
0.15
1.206831
0.15
0.848559
0.15
0.15
0.15
0.15
0.6642511
0.2383475
0.15
0.1601552
1.422416
0.15
0.15
0.15
0.15
0.15
0.15
0.15
0.15
0.15
0.8096327
0.3447471
0.15
0.15
0.15
0.15
0.15
0.15
0.15
0.15
0.15
0.15
0.15
0.15
0.15
0.7067778
0.15
0.15
0.15
4.755808
0.15
0.5574577
0.15
0.15
0.15
0.15
0.15
0.15
0.7884603
0.15
0.15
0.15
0.15
0.15
0.15
1.171706
0.15
0.235316
0.15
0.15
0.15
0.15
2.002008
0.9337037
0.15
0.15
0.8609059
0.7887628
0.15
0.15
0.15
0.15
0.15
0.15
0.15
0.15
0.15
0.15
2.286984
0.15
0.15
0.15
0.15
0.15
0.15
0.15
0.15
0.15
0.15
0.15
0.8077665
1.257771
0.15
0.3325991
0.15
0.15
0.310742
0.15
0.15
0.15
0.15
0.15
0.15
0.15
0.15
0.15
0.15
0.15
0.216159
0.3327424
0.15
0.15
0.15
0.15
0.15
1.229474
0.15
0.15
0.15
0.15
0.15
0.15
0.15
0.15
0.15
0.15
0.15
0.15
0.15
0.15
0.15
0.15
0.669136
0.2482445
0.15
0.15
0.15
0.15
0.2775
0.15
0.15
0.15
0.2775
0.15
0.15
0.15
0.15
0.15
0.4413518
0.15
0.15
0.2741804
0.15
0.15
0.15
0.15
0.15
0.15
0.15
0.15
0.15
2.310294
0.2298706
0.15
0.15
0.15
0.15
0.15
0.15
0.2619188
0.15
0.15
1.737775
0.15
0.15
0.15
0.15
0.15
0.15
0.15
1.615249
0.15
0.15
0.15
0.718676
1.216832
0.15
0.15
0.15
0.15
0.4047471
0.15
0.15
0.2692306
0.15
0.15
0.15
0.2153972
0.15
0.15
0.15
0.3397759
0.15
0.15
0.2220861
0.15
0.15
0.15
0.15
0.2656804
0.15
0.15
0.15
0.15
0.15
0.15
0.15
0.15
0.15
0.15
0.22373
0.15
0.15
0.15
1.172459
0.15
1.377201
1.062143
0.15
0.15
0.15
0.15
0.15
0.15
0.15
0.15
0.2125205
0.2126805
0.15
0.3875722
0.15
0.15
1.105941
0.15
0.180519
0.15
0.15
0.15
1.759933
0.15
0.15
0.1978111
0.15
1.085979
0.15
0.15
0.15
0.15
0.15
0.15
0.15
0.15
0.2811155
0.3019856
0.15
0.1805093
0.3440951
0.15
0.15
0.15
0.2511392
0.15
0.15
0.15
0.15
0.15
0.15
0.15
0.15
0.15
0.15
0.15
0.15
0.15
0.15
0.15
0.15
0.15
0.3876164
0.15
0.15
0.15
0.15
0.15
0.15
0.15
0.15
0.15
0.9368749
0.15
0.15
0.15
0.15
0.15
0.15
0.15
0.33041
0.15
0.15
0.2969201
0.15
0.15
0.192255
0.15
0.15
0.15
0.15
0.15
0.15
0.15
0.6509375
0.15
0.15
0.15
0.15
1.466491
0.15
0.15
1.294967
0.15
0.15
0.15
0.15
1.475001
0.2165197
0.15
0.6982973
0.15
1.118254
0.15
0.4505093
0.15
0.15
0.15
0.3507608
0.15
0.15
0.7637114
0.15
0.15
0.15
0.15
0.15
0.15
0.250631
0.15
0.15
0.15
0.15
0.15
0.15
2.373329
0.15
0.15
0.15
0.15
0.15
0.15
0.15
0.5960595
0.3086303
0.15
0.15
0.15
0.15
0.15
0.15
0.15
0.15
0.15
0.15
0.3994297
0.15
0.2816636
0.15
0.15
0.2701647
0.2718398
0.15
0.7513922
0.8547921
0.15
0.15
0.15
0.15
0.15
0.3313208
1.392422
0.15
0.15
0.15
0.15
0.15
0.15
0.15
0.15
0.15
0.15
0.15
0.15
0.15
0.15
0.15
0.15
0.405
0.15
0.15
0.15
0.15
0.15
0.15
0.15
0.15
0.15
0.15
2.411753
0.15
0.15
0.15
0.15
0.15
0.15
0.15
0.15
0.15
0.15
0.15
0.2027899
0.222838
0.15
0.7784937
0.15
0.2775
0.15
0.5154637
0.3362175
0.15
0.15
0.15
0.15
0.15
0.15
0.15
0.1971989
0.15
0.2011256
0.15
1.256461
0.15
0.4832707
0.15
0.15
0.15
0.15
0.4868371
0.15
0.15
0.2605543
0.15
0.15
0.15
0.15
0.15
0.15
0.15
0.15
0.8719743
0.15
0.15
0.15
0.3214415
0.1847751
0.15
0.15
0.15
0.15
0.15
0.15
0.15
0.15
0.15
0.7021032
0.15
0.15
0.15
0.15
0.15
0.15
0.15
0.15
6.443315
0.15
0.15
0.15
0.3239656
0.15
0.15
0.15
0.7847941
0.15
0.15
0.15
0.15
0.15
0.6260287
0.15
0.15
0.15
0.15
0.15
0.15
0.4217978
0.15
0.15
0.15
0.15
0.15
0.15
0.15
0.15
0.2003507
0.15
0.15
0.15
1.942205
0.4945382
0.15
0.2322958
0.15
0.15
0.260657
0.15
0.15
0.15
0.15
0.15
0.15
0.15
0.15
0.15
0.15
0.453057
0.15
0.15
0.15
0.15
0.15
0.15
0.15
0.15
0.15
0.15
0.15
0.15
0.15
0.7789378
0.15
5.737477
0.15
0.15
0.15
1.311882
0.15
0.15
0.15
0.15
0.15
0.15
0.15
5.6644
0.15
0.246852
0.15
0.1530056
0.15
0.15
0.15
0.15
0.15
0.2561802
0.15
0.15
0.15
1.01295
0.4599983
0.31525
1.87772
0.15
1.016492
0.3492846
0.3414264
0.15
0.15
0.15
0.15
0.2562099
0.15
0.15
0.15
1.177788
0.15
0.15
0.15
0.404166
0.15
0.3567719
0.4251777
0.15
0.15
0.1831684
0.2562329
0.15
0.2192952
0.15
0.15
0.15
0.15
0.15
0.15
0.15
0.7732392
0.15
0.15
0.15
0.15
0.5019013
0.15
0.1632997
0.2735769
0.15
0.15
0.6806083
0.4549368
0.15
0.15
0.15
3.163342
0.15
0.4336858
0.15
0.15
0.15
0.15
0.15
0.9434729
0.2267888
0.15
0.15
0.15
0.15
0.15
0.15
0.15
0.15
0.15
0.15
0.15
0.15
0.15
0.15
0.15
0.15
0.15
0.6957531
0.15
0.15
0.15
0.3514295
0.15
0.15
0.15
0.3089228
0.2193051
0.15
0.15
0.15
0.15
0.2905075
0.15
0.15
0.15
0.15
0.15
0.15
0.15
0.15
0.15
0.15
0.15
0.15
0.15
0.15
0.15
0.15
1.726562
0.15
0.15
0.15
0.15
0.15
1.601421
0.15
0.1693037
0.15
0.15
0.15
0.15
0.15
0.15
0.15
0.15
0.15
0.15
0.15
0.15
0.734563
0.15
0.15
0.15
0.15
0.15
0.15
0.15
0.15
0.15
0.7180547
0.15
0.15
0.4117052
0.15
0.15
0.15
0.8616017
0.15
0.1518214
0.15
0.1826424
0.15
0.15
0.15
2.288495
0.15
0.15
0.15
0.15
0.15
2.659429
0.7223475
0.15
0.15
1.06286
0.15
0.15
0.15
0.15
0.15
0.202886
0.15
0.15
0.15
0.15
0.15
0.15
0.15
0.15
0.15
0.15
0.15
0.15
0.15
1.331138
0.15
1.290528
0.15
0.15
0.15
1.766009
0.2237853
0.15
0.15
0.15
0.15
0.15
0.15
0.15
0.15
0.15
0.15
0.15
0.15
0.15
0.15
1.052194
0.15
0.3409388
0.15
0.15
1.869706
0.15
2.473992
0.15
0.15
0.15
0.15
0.15
0.15
0.15
0.15
1.411351
0.15
0.15
0.4718356
0.15
0.15
0.15
0.15
0.8897639
0.15
0.1565473
2.185526
0.15
0.15
0.15
0.15
0.15
0.15
0.15
3.011734
0.15
0.15
0.15
0.15
0.15
0.15
0.15
0.15
0.2484844
0.15
0.15
0.15
0.15
0.15
0.15
0.15
0.15
2.148618
0.1780815
1.531351
0.15
1.439332
0.1832174
0.15
0.15
0.15
0.15
0.15
0.15
0.15
0.6085836
0.15
0.15
0.9780362
0.15
0.15
1.549161
0.8393309
0.15
0.15
0.15
0.15
0.15
0.15
0.15
0.15
0.15
0.15
0.15
0.15
0.15
0.15
0.15
0.15
0.15
0.5324696
0.15
0.15
0.15
0.15
0.15
0.2885523
0.15
0.15
0.15
0.15
0.1501742
0.15
0.15
0.15
2.519019
0.15
0.15
0.15
0.6951365
0.15
0.15
0.15
0.15
0.15
0.15
0.15
0.2775
0.15
0.15
0.15
0.15
0.15
1.021501
0.15
0.15
0.2775
0.15
0.15
0.15
0.4400911
0.15
0.15
0.15
0.15
0.1577629
1.093481
0.15
0.2628729
0.15
0.388461
0.15
0.15
0.15
0.15
0.15
1.03749
0.15
0.15
0.15
0.15
0.3594461
0.15
0.15
0.15
0.15
0.15
0.15
0.15
0.2775
0.15
0.15
0.15
0.3293468
0.15
0.2804056
0.15
0.15
0.376423
0.2302028
0.15
0.15
0.3978162
0.15
0.15
0.15
0.15
0.5528803
0.15
0.15
0.15
0.3614798
0.651782
0.15
0.15
0.15
4.380651
0.4911617
0.6921236
0.15
0.15
0.15
0.15
0.15
0.1903534
1.010409
0.15
0.15
0.15
0.15
0.15
0.15
0.2818903
0.15
0.15
0.15
0.15
0.15
0.15
0.15
0.15
0.15
0.2086956
0.15
0.15
0.15
0.15
0.5767293
0.15
0.15
0.405
0.15
0.15
0.3149456
0.15
0.15
0.15
0.8605083
0.15
0.15
0.15
0.15
0.15
0.21375
0.250193
0.15
0.15
0.15
0.15
0.15
0.15
0.15
0.15
0.15
0.15
0.15
0.15
0.15
0.15
0.15
0.15
0.15
0.15
0.15
0.15
0.15
0.15
0.15
0.15
0.15
0.15
0.15
0.15
0.15
0.15
1.543521
0.3040548
0.15
0.4565827
0.15
0.15
0.15
0.5603261
0.15
0.2788375
0.15
0.2788954
0.15
1.365218
0.15
0.15
0.15
0.15
0.2887899
0.15
1.134818
0.15
0.15
0.15
0.15
0.15
0.15
0.5467923
0.3671481
0.15
0.15
0.15
0.15
0.15
0.15
0.15
0.15
0.15
0.15
0.15
0.15
0.15
3.746686
0.15
0.1545536
0.15
0.15
0.7771052
0.3161012
0.15
0.15
0.15
0.15
1.920882
0.1785751
0.15
0.15
2.002674
0.15
0.15
0.15
0.15
0.15
0.15
0.15
0.2028844
0.15
0.15
0.15
0.15
0.15
1.857508
0.15
0.15
0.15
0.15
0.15
0.9884634
0.15
0.15
0.15
0.15
0.15
0.2250043
0.15
0.15
0.15
0.15
0.4891701
0.15
0.15
1.539054
0.15
0.15
0.15
0.15
0.15
0.15
0.7272115
0.15
0.15
0.15
0.15
0.8189382
0.1958201
0.2667587
0.2938951
0.15
0.15
0.15
0.15
0.15
0.15
0.15
0.2496091
0.15
0.6228446
0.15
0.15
0.15
0.15
0.15
0.15
0.15
0.15
0.6795093
0.15
0.15
1.249544
0.15
0.15
0.15
0.15
0.15
0.15
0.15
0.15
0.15
0.15
0.15
0.15
0.15
0.2216971
0.15
0.15
0.15
0.15
0.15
0.15
0.15
0.1770445
0.15
0.15
0.15
0.495686
0.4171612
0.2365124
0.15
0.15
0.15
0.15
0.2234786
0.9363177
0.4860691
0.2475162
0.2861716
1.514848
0.5100162
0.1737872
1.493885
1.542506
0.9514533
5.065438
2.71008
2.240732
0.2570851
1.058167
